-0.258114
0.847319
-0.144874
0.336242
0.425236
-0.404716
-2.04138
-0.734188
-0.740325
-1.23118
-0.113518
0.06607
-0.664195
1.94226
0.809626
1.24973
-1.4464
0.803422
1.80113
2.4023
1.90855
-3.32146
-0.081539
-0.408866
-0.193734
0.548735
3.56519
2.01531
-0.883186
-4.08026
-0.189031
0.672667
-1.28351
0.464875
0.899687
0.0444696
-0.642805
-0.37102
0.216556
0.203632
-0.0879269
0.959234
2.19881
1.93944
0.152376
-0.845504
0.389909
0.0542544
-2.519
0.155408
0.351553
0.234469
1.16339
-0.561021
-2.00751
-2.19888
0.389476
1.10099
0.0293446
-1.70234
-1.4274
-0.749673
-1.02244
-0.155793
1.19443
0.935156
-0.235135
-0.757977
-0.402042
1.84014
0.114696
-0.353972
-1.11252
2.97173
0.887402
-2.50308
-1.16527
-1.09499
0.739933
0.910697
0.641463
0.333314
-0.431913
0.250458
-0.015808
-0.363756
-1.44771
0.917535
0.092081
0.224617
0.064936
-0.682387
0.964256
1.72024
3.1752
0.0122939
-0.748516
1.97307
0.24954
0.663424
0.162741
0.286436
-0.674983
0.664106
0.724383
2.03941
-0.582185
-2.10659
2.02956
2.8222
0.517329
-0.0950469
2.17287
2.77465
-0.608602
0.183056
0.761411
-0.698118
-0.53537
-0.809803
-1.382
0.0695828
-1.1387
-2.60941
0.0374407
-0.0692399
-0.689327
-0.267106
