0.000000 1.000000 0.000000 1.000000 0.000000 1.000000 0.000000 1.000000 0.000000 1.000000 0.000000 1.000000 0.000000 1.000000
0.025000 1.000000 0.025000 1.000000 0.025000 1.000000 0.025000 1.000000 0.025000 1.000000 0.025000 1.000000 0.025000 1.000000
0.050000 1.000000 0.050000 1.000000 0.050000 1.000000 0.050000 1.000000 0.050000 1.000000 0.050000 1.000000 0.050000 1.000000
0.075000 1.000000 0.075000 1.000000 0.075000 1.000000 0.075000 1.000000 0.075000 1.000000 0.075000 1.000000 0.075000 1.000000
0.100000 1.000000 0.100000 1.000000 0.100000 1.000000 0.100000 1.000000 0.100000 1.000000 0.100000 1.000000 0.100000 1.000000
0.125000 1.000000 0.125000 1.000000 0.125000 1.000000 0.125000 1.000000 0.125000 1.000000 0.125000 1.000000 0.125000 1.000000
0.150000 1.000000 0.150000 1.000000 0.150000 1.000000 0.150000 1.000000 0.150000 1.000000 0.150000 1.000000 0.150000 1.000000
0.175000 1.000000 0.175000 1.000000 0.175000 1.000000 0.175000 1.000000 0.175000 1.000000 0.175000 1.000000 0.175000 1.000000
0.200000 1.000000 0.200000 1.000000 0.200000 1.000000 0.200000 1.000000 0.200000 1.000000 0.200000 1.000000 0.200000 1.000000
0.225000 1.000000 0.225000 1.000000 0.225000 1.000000 0.225000 1.000000 0.225000 1.000000 0.225000 1.000000 0.225000 1.000000
0.250000 1.000000 0.250000 1.000000 0.250000 1.000000 0.250000 1.000000 0.250000 1.000000 0.250000 1.000000 0.250000 1.000000
0.275000 1.000000 0.275000 1.000000 0.275000 1.000000 0.275000 1.000000 0.275000 1.000000 0.275000 1.000000 0.275000 1.000000
0.300000 1.000000 0.300000 1.000000 0.300000 1.000000 0.300000 1.000000 0.300000 1.000000 0.300000 1.000000 0.300000 1.000000
0.325000 1.000000 0.325000 1.000000 0.325000 1.000000 0.325000 1.000000 0.325000 1.000000 0.325000 1.000000 0.325000 1.000000
0.350000 1.000000 0.350000 1.000000 0.350000 1.000000 0.350000 1.000000 0.350000 1.000000 0.350000 1.000000 0.350000 1.000000
0.375000 1.000000 0.375000 1.000000 0.375000 1.000000 0.375000 1.000000 0.375000 1.000000 0.375000 1.000000 0.375000 1.000000
0.400000 1.000000 0.400000 1.000000 0.400000 1.000000 0.400000 1.000000 0.400000 1.000000 0.400000 1.000000 0.400000 1.000000
0.425000 1.000000 0.425000 1.000000 0.425000 1.000000 0.425000 1.000000 0.425000 1.000000 0.425000 1.000000 0.425000 1.000000
0.450000 1.000000 0.450000 1.000000 0.450000 1.000000 0.450000 1.000000 0.450000 1.000000 0.450000 1.000000 0.450000 1.000000
0.475000 1.000000 0.475000 1.000000 0.475000 1.000000 0.475000 1.000000 0.475000 1.000000 0.475000 1.000000 0.475000 1.000000
0.500000 1.000000 0.500000 1.000000 0.500000 1.000000 0.500000 1.000000 0.500000 1.000000 0.500000 1.000000 0.500000 1.000000
0.525000 1.000000 0.525000 1.000000 0.525000 1.000000 0.525000 1.000000 0.525000 1.000000 0.525000 1.000000 0.525000 1.000000
0.550000 1.000000 0.550000 1.000000 0.550000 1.000000 0.550000 1.000000 0.550000 1.000000 0.550000 1.000000 0.550000 1.000000
0.575000 1.000000 0.575000 1.000000 0.575000 1.000000 0.575000 1.000000 0.575000 1.000000 0.575000 1.000000 0.575000 1.000000
0.600000 1.000000 0.600000 1.000000 0.600000 1.000000 0.600000 1.000000 0.600000 1.000000 0.600000 1.000000 0.600000 1.000000
0.625000 1.000000 0.625000 1.000000 0.625000 1.000000 0.625000 1.000000 0.625000 1.000000 0.625000 1.000000 0.625000 1.000000
0.650000 1.000000 0.650000 1.000000 0.650000 1.000000 0.650000 1.000000 0.650000 1.000000 0.650000 1.000000 0.650000 1.000000
0.675000 1.000000 0.675000 1.000000 0.675000 1.000000 0.675000 1.000000 0.675000 1.000000 0.675000 1.000000 0.675000 1.000000
0.700000 1.000000 0.700000 1.000000 0.700000 1.000000 0.700000 1.000000 0.700000 1.000000 0.700000 1.000000 0.700000 1.000000
0.725000 1.000000 0.725000 1.000000 0.725000 1.000000 0.725000 1.000000 0.725000 1.000000 0.725000 1.000000 0.725000 1.000000
0.750000 1.000000 0.750000 1.000000 0.750000 1.000000 0.750000 1.000000 0.750000 1.000000 0.750000 1.000000 0.750000 1.000000
0.775000 1.000000 0.775000 1.000000 0.775000 1.000000 0.775000 1.000000 0.775000 1.000000 0.775000 1.000000 0.775000 1.000000
0.800000 1.000000 0.800000 1.000000 0.800000 1.000000 0.800000 1.000000 0.800000 1.000000 0.800000 1.000000 0.800000 1.000000
0.825000 1.000000 0.825000 1.000000 0.825000 1.000000 0.825000 1.000000 0.825000 1.000000 0.825000 1.000000 0.825000 1.000000
0.850000 1.000000 0.850000 1.000000 0.850000 1.000000 0.850000 1.000000 0.850000 1.000000 0.850000 1.000000 0.850000 1.000000
0.875000 1.000000 0.875000 1.000000 0.875000 1.000000 0.875000 1.000000 0.875000 1.000000 0.875000 1.000000 0.875000 1.000000
0.900000 1.000000 0.900000 1.000000 0.900000 1.000000 0.900000 1.000000 0.900000 1.000000 0.900000 1.000000 0.900000 1.000000
0.925000 1.000000 0.925000 1.000000 0.925000 1.000000 0.925000 1.000000 0.925000 1.000000 0.925000 1.000000 0.925000 1.000000
0.950000 1.000000 0.950000 1.000000 0.950000 1.000000 0.950000 1.000000 0.950000 1.000000 0.950000 1.000000 0.950000 1.000000
0.975000 1.000000 0.975000 1.000000 0.975000 1.000000 0.975000 1.000000 0.975000 1.000000 0.975000 1.000000 0.975000 1.000000
1.000000 1.000000 1.000000 1.000000 1.000000 1.000000 1.000000 1.000000 1.000000 1.000000 1.000000 1.000000 1.000000 1.000000
1.025000 0.999867 1.025000 1.000000 1.025000 1.000000 1.025000 1.000000 1.025000 1.000000 1.025000 1.000000 1.025000 1.000000
1.050000 0.363700 1.050000 1.000000 1.050000 1.000000 1.050000 1.000000 1.050000 1.000000 1.050000 1.000000 1.050000 1.000000
1.075000 0.045978 1.075000 0.637622 1.075000 0.902944 1.075000 1.000000 1.075000 1.000000 1.075000 1.000000 1.075000 1.000000
1.100000 0.000278 1.100000 0.055722 1.100000 0.161556 1.100000 0.802944 1.100000 1.000000 1.100000 1.000000 1.100000 1.000000
1.125000 0.000033 1.125000 0.000122 1.125000 0.011822 1.125000 0.217200 1.125000 1.000000 1.125000 1.000000 1.125000 1.000000
1.150000 0.000022 1.150000 0.000044 1.150000 0.004067 1.150000 0.029256 1.150000 1.000000 1.150000 1.000000 1.150000 1.000000
1.175000 0.000022 1.175000 0.000022 1.175000 0.000933 1.175000 0.000689 1.175000 0.996022 1.175000 1.000000 1.175000 1.000000
1.200000 0.000022 1.200000 0.000022 1.200000 0.000689 1.200000 0.000200 1.200000 0.745100 1.200000 1.000000 1.200000 1.000000
1.225000 0.000022 1.225000 0.000011 1.225000 0.000467 1.225000 0.000111 1.225000 0.259633 1.225000 0.999900 1.225000 1.000000
1.250000 0.000011 1.250000 0.000011 1.250000 0.000289 1.250000 0.000089 1.250000 0.146011 1.250000 0.920744 1.250000 1.000000
1.275000 0.000000 1.275000 0.000011 1.275000 0.000244 1.275000 0.000078 1.275000 0.118467 1.275000 0.611344 1.275000 1.000000
1.300000 0.000000 1.300000 0.000000 1.300000 0.000178 1.300000 0.000056 1.300000 0.082478 1.300000 0.398322 1.300000 1.000000
1.325000 0.000000 1.325000 0.000000 1.325000 0.000133 1.325000 0.000033 1.325000 0.068489 1.325000 0.306922 1.325000 1.000000
1.350000 0.000000 1.350000 0.000000 1.350000 0.000078 1.350000 0.000022 1.350000 0.065689 1.350000 0.239767 1.350000 1.000000
1.375000 0.000000 1.375000 0.000000 1.375000 0.000022 1.375000 0.000022 1.375000 0.056133 1.375000 0.189189 1.375000 1.000000
1.400000 0.000000 1.400000 0.000000 1.400000 0.000011 1.400000 0.000011 1.400000 0.021811 1.400000 0.146933 1.400000 1.000000
1.425000 0.000000 1.425000 0.000000 1.425000 0.000000 1.425000 0.000011 1.425000 0.005022 1.425000 0.106900 1.425000 1.000000
1.450000 0.000000 1.450000 0.000000 1.450000 0.000000 1.450000 0.000000 1.450000 0.003167 1.450000 0.068222 1.450000 0.999833
1.475000 0.000000 1.475000 0.000000 1.475000 0.000000 1.475000 0.000000 1.475000 0.002367 1.475000 0.028956 1.475000 0.998611
1.500000 0.000000 1.500000 0.000000 1.500000 0.000000 1.500000 0.000000 1.500000 0.001178 1.500000 0.012311 1.500000 0.993733
1.525000 0.000000 1.525000 0.000000 1.525000 0.000000 1.525000 0.000000 1.525000 0.000722 1.525000 0.005067 1.525000 0.980556
1.550000 0.000000 1.550000 0.000000 1.550000 0.000000 1.550000 0.000000 1.550000 0.000378 1.550000 0.001744 1.550000 0.950444
1.575000 0.000000 1.575000 0.000000 1.575000 0.000000 1.575000 0.000000 1.575000 0.000244 1.575000 0.000878 1.575000 0.897644
1.600000 0.000000 1.600000 0.000000 1.600000 0.000000 1.600000 0.000000 1.600000 0.000144 1.600000 0.000567 1.600000 0.823389
1.625000 0.000000 1.625000 0.000000 1.625000 0.000000 1.625000 0.000000 1.625000 0.000111 1.625000 0.000344 1.625000 0.735733
1.650000 0.000000 1.650000 0.000000 1.650000 0.000000 1.650000 0.000000 1.650000 0.000056 1.650000 0.000222 1.650000 0.647844
1.675000 0.000000 1.675000 0.000000 1.675000 0.000000 1.675000 0.000000 1.675000 0.000000 1.675000 0.000122 1.675000 0.566078
1.700000 0.000000 1.700000 0.000000 1.700000 0.000000 1.700000 0.000000 1.700000 0.000000 1.700000 0.000078 1.700000 0.491389
1.725000 0.000000 1.725000 0.000000 1.725000 0.000000 1.725000 0.000000 1.725000 0.000000 1.725000 0.000033 1.725000 0.424322
1.750000 0.000000 1.750000 0.000000 1.750000 0.000000 1.750000 0.000000 1.750000 0.000000 1.750000 0.000022 1.750000 0.361244
1.775000 0.000000 1.775000 0.000000 1.775000 0.000000 1.775000 0.000000 1.775000 0.000000 1.775000 0.000011 1.775000 0.305289
1.800000 0.000000 1.800000 0.000000 1.800000 0.000000 1.800000 0.000000 1.800000 0.000000 1.800000 0.000011 1.800000 0.254311
1.825000 0.000000 1.825000 0.000000 1.825000 0.000000 1.825000 0.000000 1.825000 0.000000 1.825000 0.000011 1.825000 0.204967
1.850000 0.000000 1.850000 0.000000 1.850000 0.000000 1.850000 0.000000 1.850000 0.000000 1.850000 0.000000 1.850000 0.161067
1.875000 0.000000 1.875000 0.000000 1.875000 0.000000 1.875000 0.000000 1.875000 0.000000 1.875000 0.000000 1.875000 0.123833
1.900000 0.000000 1.900000 0.000000 1.900000 0.000000 1.900000 0.000000 1.900000 0.000000 1.900000 0.000000 1.900000 0.093289
1.925000 0.000000 1.925000 0.000000 1.925000 0.000000 1.925000 0.000000 1.925000 0.000000 1.925000 0.000000 1.925000 0.070400
1.950000 0.000000 1.950000 0.000000 1.950000 0.000000 1.950000 0.000000 1.950000 0.000000 1.950000 0.000000 1.950000 0.054411
1.975000 0.000000 1.975000 0.000000 1.975000 0.000000 1.975000 0.000000 1.975000 0.000000 1.975000 0.000000 1.975000 0.041911
2.000000 0.000000 2.000000 0.000000 2.000000 0.000000 2.000000 0.000000 2.000000 0.000000 2.000000 0.000000 2.000000 0.031911
2.025000 0.000000 2.025000 0.000000 2.025000 0.000000 2.025000 0.000000 2.025000 0.000000 2.025000 0.000000 2.025000 0.025300
2.050000 0.000000 2.050000 0.000000 2.050000 0.000000 2.050000 0.000000 2.050000 0.000000 2.050000 0.000000 2.050000 0.020522
2.075000 0.000000 2.075000 0.000000 2.075000 0.000000 2.075000 0.000000 2.075000 0.000000 2.075000 0.000000 2.075000 0.016956
2.100000 0.000000 2.100000 0.000000 2.100000 0.000000 2.100000 0.000000 2.100000 0.000000 2.100000 0.000000 2.100000 0.013878
2.125000 0.000000 2.125000 0.000000 2.125000 0.000000 2.125000 0.000000 2.125000 0.000000 2.125000 0.000000 2.125000 0.011089
2.150000 0.000000 2.150000 0.000000 2.150000 0.000000 2.150000 0.000000 2.150000 0.000000 2.150000 0.000000 2.150000 0.008344
2.175000 0.000000 2.175000 0.000000 2.175000 0.000000 2.175000 0.000000 2.175000 0.000000 2.175000 0.000000 2.175000 0.005889
2.200000 0.000000 2.200000 0.000000 2.200000 0.000000 2.200000 0.000000 2.200000 0.000000 2.200000 0.000000 2.200000 0.003822
2.225000 0.000000 2.225000 0.000000 2.225000 0.000000 2.225000 0.000000 2.225000 0.000000 2.225000 0.000000 2.225000 0.001900
2.250000 0.000000 2.250000 0.000000 2.250000 0.000000 2.250000 0.000000 2.250000 0.000000 2.250000 0.000000 2.250000 0.000733
2.275000 0.000000 2.275000 0.000000 2.275000 0.000000 2.275000 0.000000 2.275000 0.000000 2.275000 0.000000 2.275000 0.000311
2.300000 0.000000 2.300000 0.000000 2.300000 0.000000 2.300000 0.000000 2.300000 0.000000 2.300000 0.000000 2.300000 0.000078
2.325000 0.000000 2.325000 0.000000 2.325000 0.000000 2.325000 0.000000 2.325000 0.000000 2.325000 0.000000 2.325000 0.000000
2.350000 0.000000 2.350000 0.000000 2.350000 0.000000 2.350000 0.000000 2.350000 0.000000 2.350000 0.000000 2.350000 0.000000
2.375000 0.000000 2.375000 0.000000 2.375000 0.000000 2.375000 0.000000 2.375000 0.000000 2.375000 0.000000 2.375000 0.000000
2.400000 0.000000 2.400000 0.000000 2.400000 0.000000 2.400000 0.000000 2.400000 0.000000 2.400000 0.000000 2.400000 0.000000
2.425000 0.000000 2.425000 0.000000 2.425000 0.000000 2.425000 0.000000 2.425000 0.000000 2.425000 0.000000 2.425000 0.000000
2.450000 0.000000 2.450000 0.000000 2.450000 0.000000 2.450000 0.000000 2.450000 0.000000 2.450000 0.000000 2.450000 0.000000
2.475000 0.000000 2.475000 0.000000 2.475000 0.000000 2.475000 0.000000 2.475000 0.000000 2.475000 0.000000 2.475000 0.000000
2.500000 0.000000 2.500000 0.000000 2.500000 0.000000 2.500000 0.000000 2.500000 0.000000 2.500000 0.000000 2.500000 0.000000
