-0.14115896821 -0.14115896821
0.116748772562 0.0865577757359
0.219233945012 -0.0885470584035
0.13519962132 0.086894094944
-0.120362080634 0.00222921581008
-0.221191957593 -0.00216557271779
0.0840994343162 0.0928061902523
-0.109023369849 -0.106982633471
-0.0656968578696 0.104801900685
0.172758281231 0.0434105508029
-0.0638381540775 0.0602412298322
0.0294353291392 0.0558612607419
0.117231562734 -0.0931785553694
0.19411110878 0.107092224061
-0.0370853058994 0.102306231856
-0.0336623080075 0.00769974151626
-0.066542968154 0.133085936308
0.0335322991014 0.184616580606
0.0333934985101 0.0498795807362
0.038987018168 -0.0330349765718
-0.0144617669284 0.0454990640283
0.0991905257106 0.097479134798
0.0119015313685 0.0565379858017
0.00353582249954 -0.102093011141
0.103900007904 0.0848330110312
0.0315804965794 -0.170288354158
-0.0840077921748 -0.030049264431
-0.141729548573 -0.101097166538
-0.0501087009907 -0.0474292337894
0.139006614685 0.0021647552494
0.060852214694 0.0275953542441
-0.041528083384 -0.22706989944
0.197622552514 -0.0470529906452
-0.10506477952 0.0790840163827
-0.0966278612614 0.230554610491
-0.0370209105313 0.207297191024
-0.0691563338041 -0.06457529217
-0.186787813902 0.00403038691729
0.147723168135 -0.0359167046845
-0.188628032804 0.0460045859218
-0.0848330110312 -0.0597992055118
0.0916152149439 0.105679102242
-0.144631236792 -0.0156552214175
0.0250391680747 0.0881989225745
-0.0867998450994 0.16032974422
0.0878349989653 -0.205294579268
0.184577018023 -0.0960937440395
-0.0935775265098 -0.0838900953531
-0.133085936308 0.066542968154
-0.0842864662409 -0.000554489088245
0.00303941871971 -0.110625088215
-0.0998302474618 -0.0393501110375
-0.0967902243137 -0.182399526238
0.069263137877 0.0658412724733
0.111746326089 0.0631269440055
-0.0421438030899 -0.0222202260047
0.152236416936 0.0656968578696
-0.0116306627169 0.160729467869
0.0535548068583 0.0817014724016
0.00355748948641 0.0497966744006
0.218923538923 -0.0200906712562
-0.0701174810529 -0.0227855537087
0.162102714181 0.170660227537
0.0157926380634 -0.182576671243
-0.0094105983153 -0.0094105983153
-0.182576671243 0.0157926380634
0.170660227537 0.162102714181
-0.0227855537087 -0.0701174810529
-0.0200906712562 0.218923538923
0.0497966744006 0.00355748948641
0.0817014724016 0.0535548068583
0.160729467869 -0.0116306627169
0.0656968578696 0.152236416936
-0.0222202260047 -0.0421438030899
0.0631269440055 0.111746326089
0.0658412724733 0.069263137877
-0.182399526238 -0.0967902243137
-0.0393501110375 -0.0998302474618
-0.110625088215 0.00303941871971
-0.000554489088245 -0.0842864662409
0.066542968154 -0.133085936308
-0.0838900953531 -0.0935775265098
-0.0960937440395 0.184577018023
-0.205294579268 0.0878349989653
0.16032974422 -0.0867998450994
0.0881989225745 0.0250391680747
-0.0156552214175 -0.144631236792
0.105679102242 0.0916152149439
-0.0597992055118 -0.0848330110312
0.0460045859218 -0.188628032804
-0.0359167046845 0.147723168135
0.00403038691729 -0.186787813902
-0.06457529217 -0.0691563338041
0.207297191024 -0.0370209105313
0.230554610491 -0.0966278612614
0.0790840163827 -0.10506477952
-0.0470529906452 0.197622552514
-0.22706989944 -0.041528083384
0.0275953542441 0.060852214694
0.0021647552494 0.139006614685
-0.0474292337894 -0.0501087009907
-0.101097166538 -0.141729548573
-0.030049264431 -0.0840077921748
-0.170288354158 0.0315804965794
0.0848330110312 0.103900007904
-0.102093011141 0.00353582249954
0.0565379858017 0.0119015313685
0.097479134798 0.0991905257106
0.0454990640283 -0.0144617669284
-0.0330349765718 0.038987018168
0.0498795807362 0.0333934985101
0.184616580606 0.0335322991014
0.133085936308 -0.066542968154
0.00769974151626 -0.0336623080075
0.102306231856 -0.0370853058994
0.107092224061 0.19411110878
-0.0931785553694 0.117231562734
0.0558612607419 0.0294353291392
0.0602412298322 -0.0638381540775
0.0434105508029 0.172758281231
0.104801900685 -0.0656968578696
-0.106982633471 -0.109023369849
0.0928061902523 0.0840994343162
-0.00216557271779 -0.221191957593
0.00222921581008 -0.120362080634
0.086894094944 0.13519962132
-0.0885470584035 0.219233945012
0.0865577757359 0.116748772562
-0.14115896821 -0.14115896821
0.116748772562 0.0865577757359
0.219233945012 -0.0885470584035
0.13519962132 0.086894094944
-0.120362080634 0.00222921581008
-0.221191957593 -0.00216557271779
0.0840994343162 0.0928061902523
-0.109023369849 -0.106982633471
-0.0656968578696 0.104801900685
0.172758281231 0.0434105508029
-0.0638381540775 0.0602412298322
0.0294353291392 0.0558612607419
0.117231562734 -0.0931785553694
0.19411110878 0.107092224061
-0.0370853058994 0.102306231856
-0.0336623080075 0.00769974151626
-0.066542968154 0.133085936308
0.0335322991014 0.184616580606
0.0333934985101 0.0498795807362
0.038987018168 -0.0330349765718
-0.0144617669284 0.0454990640283
0.0991905257106 0.097479134798
0.0119015313685 0.0565379858017
0.00353582249954 -0.102093011141
0.103900007904 0.0848330110312
0.0315804965794 -0.170288354158
-0.0840077921748 -0.030049264431
-0.141729548573 -0.101097166538
-0.0501087009907 -0.0474292337894
0.139006614685 0.0021647552494
0.060852214694 0.0275953542441
-0.041528083384 -0.22706989944
0.197622552514 -0.0470529906452
-0.10506477952 0.0790840163827
-0.0966278612614 0.230554610491
-0.0370209105313 0.207297191024
-0.0691563338041 -0.06457529217
-0.186787813902 0.00403038691729
0.147723168135 -0.0359167046845
-0.188628032804 0.0460045859218
-0.0848330110312 -0.0597992055118
0.0916152149439 0.105679102242
-0.144631236792 -0.0156552214175
0.0250391680747 0.0881989225745
-0.0867998450994 0.16032974422
0.0878349989653 -0.205294579268
0.184577018023 -0.0960937440395
-0.0935775265098 -0.0838900953531
-0.133085936308 0.066542968154
-0.0842864662409 -0.000554489088245
0.00303941871971 -0.110625088215
-0.0998302474618 -0.0393501110375
-0.0967902243137 -0.182399526238
0.069263137877 0.0658412724733
0.111746326089 0.0631269440055
-0.0421438030899 -0.0222202260047
0.152236416936 0.0656968578696
-0.0116306627169 0.160729467869
0.0535548068583 0.0817014724016
0.00355748948641 0.0497966744006
0.218923538923 -0.0200906712562
-0.0701174810529 -0.0227855537087
0.162102714181 0.170660227537
0.0157926380634 -0.182576671243
-0.0094105983153 -0.0094105983153
-0.182576671243 0.0157926380634
0.170660227537 0.162102714181
-0.0227855537087 -0.0701174810529
-0.0200906712562 0.218923538923
0.0497966744006 0.00355748948641
0.0817014724016 0.0535548068583
0.160729467869 -0.0116306627169
0.0656968578696 0.152236416936
-0.0222202260047 -0.0421438030899
0.0631269440055 0.111746326089
0.0658412724733 0.069263137877
-0.182399526238 -0.0967902243137
-0.0393501110375 -0.0998302474618
-0.110625088215 0.00303941871971
-0.000554489088245 -0.0842864662409
0.066542968154 -0.133085936308
-0.0838900953531 -0.0935775265098
-0.0960937440395 0.184577018023
-0.205294579268 0.0878349989653
0.16032974422 -0.0867998450994
0.0881989225745 0.0250391680747
-0.0156552214175 -0.144631236792
0.105679102242 0.0916152149439
-0.0597992055118 -0.0848330110312
0.0460045859218 -0.188628032804
-0.0359167046845 0.147723168135
0.00403038691729 -0.186787813902
-0.06457529217 -0.0691563338041
0.207297191024 -0.0370209105313
0.230554610491 -0.0966278612614
0.0790840163827 -0.10506477952
-0.0470529906452 0.197622552514
-0.22706989944 -0.041528083384
0.0275953542441 0.060852214694
0.0021647552494 0.139006614685
-0.0474292337894 -0.0501087009907
-0.101097166538 -0.141729548573
-0.030049264431 -0.0840077921748
-0.170288354158 0.0315804965794
0.0848330110312 0.103900007904
-0.102093011141 0.00353582249954
0.0565379858017 0.0119015313685
0.097479134798 0.0991905257106
0.0454990640283 -0.0144617669284
-0.0330349765718 0.038987018168
0.0498795807362 0.0333934985101
0.184616580606 0.0335322991014
0.133085936308 -0.066542968154
0.00769974151626 -0.0336623080075
0.102306231856 -0.0370853058994
0.107092224061 0.19411110878
-0.0931785553694 0.117231562734
0.0558612607419 0.0294353291392
0.0602412298322 -0.0638381540775
0.0434105508029 0.172758281231
0.104801900685 -0.0656968578696
-0.106982633471 -0.109023369849
0.0928061902523 0.0840994343162
-0.00216557271779 -0.221191957593
0.00222921581008 -0.120362080634
0.086894094944 0.13519962132
-0.0885470584035 0.219233945012
0.0865577757359 0.116748772562
