0.481590420008 0.0
-0.0157846082002 -0.370863556862
0.122515670955 -0.342608630657
0.298453181982 0.255197942257
0.0650702491403 0.0859493836761
0.184387773275 -0.27032789588
-0.35485497117 -0.170076146722
-0.118096657097 -0.327237725258
0.300639599562 -0.0797925144434
0.164396420121 0.0125639662147
0.00304821226746 -0.35446485877
-0.421657085419 -0.14603304863
0.0754389464855 -0.180405452847
0.180827617645 -0.0460446663201
-0.0692972615361 0.495174616575
0.367516189814 -0.0126233538613
0.192636162043 -0.192636162043
0.113787695765 0.303114235401
-0.176320180297 0.121125273407
-0.404574811459 0.201041981578
0.253411561251 0.284659385681
0.214386627078 0.0435263998806
-0.185886502266 0.250538349152
-0.174004793167 -0.0672035813332
-0.108003430068 -0.46506485343
-0.375677525997 -0.0510600432754
-0.392436414957 -0.0631889179349
0.231390550733 -0.228205800056
-0.00864842161536 0.165741890669
-0.283213853836 0.354847252369
0.282686799765 0.326315373182
0.0378633029759 0.300819247961
-0.481590420008 0.0
0.0378633029759 -0.300819247961
0.282686799765 -0.326315373182
-0.283213853836 -0.354847252369
-0.00864842161536 -0.165741890669
0.231390550733 0.228205800056
-0.392436414957 0.0631889179349
-0.375677525997 0.0510600432754
-0.108003430068 0.46506485343
-0.174004793167 0.0672035813332
-0.185886502266 -0.250538349152
0.214386627078 -0.0435263998806
0.253411561251 -0.284659385681
-0.404574811459 -0.201041981578
-0.176320180297 -0.121125273407
0.113787695765 -0.303114235401
0.192636162043 0.192636162043
0.367516189814 0.0126233538613
-0.0692972615361 -0.495174616575
0.180827617645 0.0460446663201
0.0754389464855 0.180405452847
-0.421657085419 0.14603304863
0.00304821226746 0.35446485877
0.164396420121 -0.0125639662147
0.300639599562 0.0797925144434
-0.118096657097 0.327237725258
-0.35485497117 0.170076146722
0.184387773275 0.27032789588
0.0650702491403 -0.0859493836761
0.298453181982 -0.255197942257
0.122515670955 0.342608630657
-0.0157846082002 0.370863556862
0.481590420008 0.0
-0.0157846082002 -0.370863556862
0.122515670955 -0.342608630657
0.298453181982 0.255197942257
0.0650702491403 0.0859493836761
0.184387773275 -0.27032789588
-0.35485497117 -0.170076146722
-0.118096657097 -0.327237725258
0.300639599562 -0.0797925144434
0.164396420121 0.0125639662147
0.00304821226746 -0.35446485877
-0.421657085419 -0.14603304863
0.0754389464855 -0.180405452847
0.180827617645 -0.0460446663201
-0.0692972615361 0.495174616575
0.367516189814 -0.0126233538613
0.192636162043 -0.192636162043
0.113787695765 0.303114235401
-0.176320180297 0.121125273407
-0.404574811459 0.201041981578
0.253411561251 0.284659385681
0.214386627078 0.0435263998806
-0.185886502266 0.250538349152
-0.174004793167 -0.0672035813332
-0.108003430068 -0.46506485343
-0.375677525997 -0.0510600432754
-0.392436414957 -0.0631889179349
0.231390550733 -0.228205800056
-0.00864842161536 0.165741890669
-0.283213853836 0.354847252369
0.282686799765 0.326315373182
0.0378633029759 0.300819247961
-0.481590420008 0.0
0.0378633029759 -0.300819247961
0.282686799765 -0.326315373182
-0.283213853836 -0.354847252369
-0.00864842161536 -0.165741890669
0.231390550733 0.228205800056
-0.392436414957 0.0631889179349
-0.375677525997 0.0510600432754
-0.108003430068 0.46506485343
-0.174004793167 0.0672035813332
-0.185886502266 -0.250538349152
0.214386627078 -0.0435263998806
0.253411561251 -0.284659385681
-0.404574811459 -0.201041981578
-0.176320180297 -0.121125273407
0.113787695765 -0.303114235401
0.192636162043 0.192636162043
0.367516189814 0.0126233538613
-0.0692972615361 -0.495174616575
0.180827617645 0.0460446663201
0.0754389464855 0.180405452847
-0.421657085419 0.14603304863
0.00304821226746 0.35446485877
0.164396420121 -0.0125639662147
0.300639599562 0.0797925144434
-0.118096657097 0.327237725258
-0.35485497117 0.170076146722
0.184387773275 0.27032789588
0.0650702491403 -0.0859493836761
0.298453181982 -0.255197942257
0.122515670955 0.342608630657
-0.0157846082002 0.370863556862
0.481590420008 0.0
-0.0157846082002 -0.370863556862
0.122515670955 -0.342608630657
0.298453181982 0.255197942257
0.0650702491403 0.0859493836761
0.184387773275 -0.27032789588
-0.35485497117 -0.170076146722
-0.118096657097 -0.327237725258
0.300639599562 -0.0797925144434
0.164396420121 0.0125639662147
0.00304821226746 -0.35446485877
-0.421657085419 -0.14603304863
0.0754389464855 -0.180405452847
0.180827617645 -0.0460446663201
-0.0692972615361 0.495174616575
0.367516189814 -0.0126233538613
0.192636162043 -0.192636162043
0.113787695765 0.303114235401
-0.176320180297 0.121125273407
-0.404574811459 0.201041981578
0.253411561251 0.284659385681
0.214386627078 0.0435263998806
-0.185886502266 0.250538349152
-0.174004793167 -0.0672035813332
-0.108003430068 -0.46506485343
-0.375677525997 -0.0510600432754
-0.392436414957 -0.0631889179349
0.231390550733 -0.228205800056
-0.00864842161536 0.165741890669
-0.283213853836 0.354847252369
0.282686799765 0.326315373182
0.0378633029759 0.300819247961
-0.481590420008 0.0
0.0378633029759 -0.300819247961
0.282686799765 -0.326315373182
-0.283213853836 -0.354847252369
-0.00864842161536 -0.165741890669
0.231390550733 0.228205800056
-0.392436414957 0.0631889179349
-0.375677525997 0.0510600432754
-0.108003430068 0.46506485343
-0.174004793167 0.0672035813332
-0.185886502266 -0.250538349152
0.214386627078 -0.0435263998806
0.253411561251 -0.284659385681
-0.404574811459 -0.201041981578
-0.176320180297 -0.121125273407
0.113787695765 -0.303114235401
0.192636162043 0.192636162043
0.367516189814 0.0126233538613
-0.0692972615361 -0.495174616575
0.180827617645 0.0460446663201
0.0754389464855 0.180405452847
-0.421657085419 0.14603304863
0.00304821226746 0.35446485877
0.164396420121 -0.0125639662147
0.300639599562 0.0797925144434
-0.118096657097 0.327237725258
-0.35485497117 0.170076146722
0.184387773275 0.27032789588
0.0650702491403 -0.0859493836761
0.298453181982 -0.255197942257
0.122515670955 0.342608630657
-0.0157846082002 0.370863556862
0.481590420008 0.0
-0.0157846082002 -0.370863556862
0.122515670955 -0.342608630657
0.298453181982 0.255197942257
0.0650702491403 0.0859493836761
0.184387773275 -0.27032789588
-0.35485497117 -0.170076146722
-0.118096657097 -0.327237725258
0.300639599562 -0.0797925144434
0.164396420121 0.0125639662147
0.00304821226746 -0.35446485877
-0.421657085419 -0.14603304863
0.0754389464855 -0.180405452847
0.180827617645 -0.0460446663201
-0.0692972615361 0.495174616575
0.367516189814 -0.0126233538613
0.192636162043 -0.192636162043
0.113787695765 0.303114235401
-0.176320180297 0.121125273407
-0.404574811459 0.201041981578
0.253411561251 0.284659385681
0.214386627078 0.0435263998806
-0.185886502266 0.250538349152
-0.174004793167 -0.0672035813332
-0.108003430068 -0.46506485343
-0.375677525997 -0.0510600432754
-0.392436414957 -0.0631889179349
0.231390550733 -0.228205800056
-0.00864842161536 0.165741890669
-0.283213853836 0.354847252369
0.282686799765 0.326315373182
0.0378633029759 0.300819247961
-0.481590420008 0.0
0.0378633029759 -0.300819247961
0.282686799765 -0.326315373182
-0.283213853836 -0.354847252369
-0.00864842161536 -0.165741890669
0.231390550733 0.228205800056
-0.392436414957 0.0631889179349
-0.375677525997 0.0510600432754
-0.108003430068 0.46506485343
-0.174004793167 0.0672035813332
-0.185886502266 -0.250538349152
0.214386627078 -0.0435263998806
0.253411561251 -0.284659385681
-0.404574811459 -0.201041981578
-0.176320180297 -0.121125273407
0.113787695765 -0.303114235401
0.192636162043 0.192636162043
0.367516189814 0.0126233538613
-0.0692972615361 -0.495174616575
0.180827617645 0.0460446663201
0.0754389464855 0.180405452847
-0.421657085419 0.14603304863
0.00304821226746 0.35446485877
0.164396420121 -0.0125639662147
0.300639599562 0.0797925144434
-0.118096657097 0.327237725258
-0.35485497117 0.170076146722
0.184387773275 0.27032789588
0.0650702491403 -0.0859493836761
0.298453181982 -0.255197942257
0.122515670955 0.342608630657
-0.0157846082002 0.370863556862
