Pilot RX by socket threads (= reference time), kPilotRX, kProcessingStarted, kPilotAllRX, kFFTPilotsDone, kZFDone, kDemulDone, kDecodeDone, kRXDone, time in CSI, time in FFT, time in ZF, time in Demul, time in Decode
189910.7 1.6 18.3 8563.6 8601.7 9918.6 240468.6 240529.0 240424.3 507.182 6564.090 1125.559 1016.089 1831.748
433875.0 0.5 5.5 12288.8 12323.1 13426.8 256774.1 256835.1 256726.5 403.269 6719.650 971.539 1026.614 1817.388
449654.9 0.5 240998.6 12199.7 241391.8 242511.8 472363.0 472423.3 472324.3 312.467 6556.264 981.204 1020.765 1813.191
925972.8 0.4 6.0 11816.5 11850.2 12943.3 256025.1 256095.2 255962.4 370.680 6773.381 971.504 1024.921 2075.524
941762.0 0.5 240246.5 11748.0 240698.8 241866.7 467192.7 467264.9 467152.4 382.195 6791.951 1021.595 1017.173 1905.886
1416332.0 0.6 8.0 9197.7 9235.0 10408.3 255462.1 255524.8 255417.1 389.247 6535.660 1000.718 1026.035 1867.892
1432111.5 0.9 239687.6 9338.0 240072.4 241203.4 467865.9 467943.7 467825.4 315.611 6597.561 991.203 1011.086 1875.602
1906390.3 0.5 5.8 9136.9 9170.5 10281.4 255383.8 255443.6 255337.6 376.255 6479.592 979.183 1020.288 1866.718
1922175.0 0.7 239603.6 9153.4 240029.3 241143.9 471071.9 471132.1 471031.4 359.611 6699.969 987.708 1014.136 1863.342
2396853.0 0.6 19.6 11938.5 11972.7 13080.5 255471.4 255532.0 255427.2 399.159 6732.547 974.337 1019.564 1871.928
2412623.6 0.6 239705.5 11841.3 240082.4 241194.4 467789.4 467863.6 467648.4 311.181 6964.780 980.325 4415.928 1915.028
2886640.6 0.8 6.7 9214.3 9475.2 11805.9 255753.0 255821.8 255670.7 1754.000 6613.184 2191.616 3787.800 1905.816
2902481.1 0.8 239917.5 9170.0 241725.9 243877.8 465917.8 465979.0 465834.7 1758.640 6547.286 1997.318 3696.922 1914.291
3377382.7 0.6 5.7 8748.9 9002.8 11116.2 271378.8 271444.9 271277.3 1689.082 6599.225 2025.666 3737.773 1904.253
3393063.1 0.8 255703.6 9014.0 257537.0 259714.8 481042.4 481122.0 480953.8 1784.783 6597.751 2008.200 3724.101 1917.556
3408892.2 0.5 465218.3 9013.3 466992.5 469079.6 695646.6 695707.0 695553.4 1718.556 6565.556 1990.559 3763.889 1935.536
4108482.9 0.8 9.3 11742.9 12026.9 14120.7 255862.8 255929.4 255770.6 1770.715 6845.950 1997.006 3685.313 1927.195
4124310.4 1.1 240039.9 11488.1 241807.0 243898.8 466876.3 466937.0 466780.0 1718.376 6837.923 1986.559 3753.564 1908.047
4598483.4 0.7 5.6 8575.5 8827.6 10979.0 255893.5 255973.7 255813.0 1709.835 6637.588 2062.331 3737.389 1911.711
4614243.8 0.7 240137.8 8888.7 241963.7 244121.5 465596.9 465658.0 465504.2 1771.433 6670.539 1983.712 3735.446 1898.883
5088726.8 0.9 6.0 8433.0 8857.9 10924.1 271912.7 271990.3 271825.3 1755.781 6703.903 1979.870 3776.058 1921.831
5104455.4 0.9 256189.5 8716.1 257995.3 260190.6 481811.8 481879.5 481714.0 1753.221 6798.139 2015.394 3741.776 1900.287
5120272.6 0.7 465999.4 8747.0 467811.6 469970.1 700342.7 700416.3 700247.4 1764.420 6540.762 2055.267 3777.414 1910.775
5821151.9 0.6 5.2 15231.5 15474.5 17618.6 256064.4 256131.9 255961.8 1696.792 6826.950 2057.910 3847.898 1896.533
5836923.2 0.7 240298.0 15136.2 242082.3 244211.8 471100.1 471168.2 471007.8 1733.879 6446.808 2039.656 3746.558 1915.971
6311643.4 0.5 5.7 12077.3 12365.5 14504.0 256111.0 256178.4 256017.5 1744.877 6497.062 2045.038 3757.267 1903.819
6327490.7 0.7 240268.9 11806.1 242065.3 244158.4 471179.1 471249.7 471091.2 1748.752 6570.879 2004.429 3727.507 1905.347
6802336.0 0.6 5.8 12013.0 12311.2 14392.0 255723.4 255791.4 255630.6 1784.360 6725.329 1990.598 3785.807 1910.674
6818163.1 0.7 239901.5 11747.6 241692.3 243805.6 468711.4 468782.1 468613.4 1740.545 6904.107 2016.231 3804.819 1915.861
7292471.8 0.6 5.9 10023.0 10329.2 12485.1 255915.1 255984.0 255800.2 1730.412 6836.223 2054.807 3788.448 1916.874
7308282.4 0.8 240109.6 9837.6 241873.3 244058.5 465958.9 466029.4 465873.3 1715.360 6665.745 2017.044 3729.494 1908.213
7783123.2 0.7 6.3 8703.1 8985.7 11113.0 271428.5 271497.5 271335.5 1640.420 6604.592 2035.903 3786.598 1900.260
7798834.3 0.7 255722.4 8973.0 257572.7 259722.8 480938.9 481007.4 480851.6 1800.988 6554.996 1980.546 3790.882 1910.725
7814808.6 0.5 464969.4 8765.5 466814.3 468916.5 695549.1 695610.1 695466.1 1791.090 6787.409 2013.335 3798.149 1905.098
8514101.9 0.7 6.0 11941.3 12226.7 14390.3 255771.0 255852.0 255678.8 1725.254 6513.465 2074.645 3751.396 1920.192
8529986.9 0.7 239890.7 11642.6 241713.4 243789.6 467340.7 467401.9 467249.3 1770.798 6749.886 1984.730 3710.366 1897.164
9004061.7 0.7 5.9 8889.0 9163.0 11288.0 255677.0 255748.0 255595.0 1717.283 6682.981 2038.859 3691.130 1911.389
9019802.2 0.9 239941.0 9031.9 241710.4 243886.8 465396.7 465457.6 465297.7 1721.577 6730.272 1998.397 3824.068 1948.053
9494024.7 0.6 5.8 8469.1 8896.0 11052.3 269825.6 269901.7 269735.1 1770.104 6560.822 2065.781 3778.389 1921.247
9509803.9 0.9 254051.6 8699.9 255805.7 258012.0 479343.5 479412.2 479249.8 1703.975 6568.681 2037.342 3758.546 1903.286
9525248.3 0.7 463903.6 7549.9 465707.7 467754.1 685176.5 685237.6 685084.3 1756.287 4257.565 1948.661 3762.463 1910.460
10213625.3 0.5 5.9 11092.5 11370.7 13479.4 243531.2 243600.3 243445.9 1711.020 4362.195 2021.297 3834.000 1910.982
10228024.4 0.6 229137.1 10983.6 230894.7 233015.7 447933.8 448009.9 447840.4 1710.420 4419.640 2028.035 3824.445 1907.200
10681358.3 0.6 5.7 8841.4 9094.9 11191.2 243633.0 243700.5 243541.3 1699.230 4370.079 2008.069 3839.620 1888.136
10695759.0 0.7 229237.4 8723.5 231015.9 233205.7 446945.3 447008.9 446856.5 1727.017 4425.137 2064.523 3822.883 1876.481
11151082.1 0.6 6.0 7849.5 8156.2 10242.2 258160.0 258228.6 258059.7 1722.214 4221.388 2001.092 3812.231 1880.576
11165518.4 0.8 243728.4 7703.0 245525.1 247671.3 458992.4 459060.3 458892.7 1745.314 4203.220 2014.630 3258.562 1960.995
11179845.9 0.4 444669.6 7671.4 446440.4 448525.0 666602.5 666663.4 666506.5 1718.035 4242.447 1995.321 3427.774 1935.662
11853288.2 0.8 5.9 8539.4 8824.0 10921.2 243630.5 243698.0 243539.5 1714.998 4337.118 2009.071 3762.586 1878.075
11867735.1 0.9 229188.5 8407.8 230958.5 233088.1 444913.3 444974.8 444824.7 1722.404 4293.268 1993.708 3801.196 1865.408
12320912.8 0.7 7.6 7766.5 8079.2 9247.9 257811.8 257873.3 257757.7 1777.892 4434.496 1089.769 1548.487 1824.261
12335279.9 0.6 243449.6 7792.1 244118.9 245318.2 459421.9 459482.3 459373.0 634.889 4285.537 1058.021 1510.308 1816.872
12349598.0 0.5 445109.0 7785.9 445767.0 446890.5 666375.7 666435.9 666330.4 624.905 4157.701 1047.408 1467.426 1817.118
13019022.8 0.5 5.4 11180.5 11215.9 12335.6 243237.6 243298.1 243186.6 551.472 4332.388 1044.093 1480.013 1817.720
13033435.5 0.6 228829.8 11069.4 229478.5 230604.9 447106.4 447168.7 447052.7 615.083 4369.429 1046.481 1522.771 1825.262
13486439.2 0.6 8.1 8352.1 8388.7 9544.9 243959.2 244019.3 243907.6 542.300 4193.108 1072.496 1496.769 1819.795
13500762.2 0.6 229641.0 8339.7 230310.5 231499.7 445348.6 445408.8 445300.3 634.818 4263.718 1048.512 1448.794 1815.406
13954419.3 0.6 7.3 8111.6 8146.6 9264.5 257798.8 257859.0 257748.7 532.023 4226.512 1042.806 1471.125 1815.640
13968765.5 0.6 243457.6 8099.1 244098.6 245289.9 458804.3 458866.3 458759.4 607.350 4239.811 1047.926 1478.710 1820.457
13983091.5 0.5 444482.6 8076.6 445128.2 446236.2 665757.2 665817.7 665703.8 611.536 4260.049 1036.204 1494.773 1816.413
14652004.3 0.7 5.6 11080.8 11117.0 12245.2 243236.5 243297.8 243193.1 569.139 4373.114 1051.570 1460.678 1819.666
14666298.0 0.6 228947.6 11077.9 229597.5 230715.5 447317.8 447378.3 447268.3 616.093 4432.074 1044.208 1487.426 1815.090
15119409.1 0.6 5.7 8456.2 8491.5 9626.1 243482.7 243544.5 243435.3 555.844 4246.195 1055.363 1476.543 1817.301
15133724.9 0.6 229171.4 8431.4 229840.5 230968.4 444742.5 444802.6 444691.2 634.702 4165.677 1052.696 1511.175 1815.854
15586758.4 0.7 6.1 7803.8 7839.2 8968.9 257788.7 257848.5 257739.7 549.596 4131.585 1052.498 1477.923 1817.558
15601077.7 0.7 243475.0 7778.9 244136.5 245324.8 458454.7 458514.9 458408.4 628.316 4181.084 1047.534 1503.678 1813.669
15615367.9 0.5 444169.0 7784.4 444843.7 445962.8 665612.0 665673.7 665566.2 639.941 4177.534 1044.297 1474.170 1816.643
16283941.8 0.6 5.4 11261.9 11297.5 12417.2 243070.9 243131.2 243023.1 586.461 4379.067 1046.973 1498.611 1813.056
16298240.1 0.6 228776.9 11253.8 229455.4 230578.9 447236.0 447295.8 447184.3 644.450 4457.224 1049.254 1466.129 1820.403
16751138.3 0.6 5.7 8572.5 8607.7 9742.7 243192.3 243252.5 243143.5 532.355 4206.832 1052.974 1495.836 1817.462
16765431.2 0.6 228903.7 8558.1 229566.2 230693.3 444817.0 444878.5 444771.4 627.793 4248.389 1050.694 1456.199 1816.893
17218436.7 0.6 5.7 7733.1 7767.9 8887.3 258064.5 258124.8 258009.6 565.763 4072.259 1045.006 1456.574 1857.652
17233069.6 0.6 243436.5 7499.6 244146.0 245335.6 458205.2 458265.3 458149.6 670.497 4199.703 1054.102 1405.616 1824.076
17247419.4 0.5 443860.2 7496.8 444538.9 445667.1 665495.6 665556.5 665448.7 643.616 4263.682 1044.320 1397.059 1813.496
17915681.1 0.5 5.7 11481.4 11517.3 12636.8 243255.1 243317.2 243208.8 560.696 4297.995 1045.762 1519.664 1819.023
17929993.2 0.6 228947.7 11478.3 229613.0 230729.4 447577.3 447637.6 447527.3 631.013 4286.825 1042.354 1471.679 1813.674
18382998.0 0.7 5.7 8835.7 8870.6 9999.8 243177.0 243238.6 243124.8 558.432 4409.626 1050.722 1463.083 1816.503
18397309.8 0.8 228869.6 8831.1 229533.7 230662.5 445100.5 445161.2 445053.0 629.250 4409.267 1048.798 1505.725 1818.034
18849313.6 0.6 5.8 8289.3 8324.9 9441.6 243344.4 243406.2 243297.9 531.576 4172.751 1041.734 1473.292 1818.410
18863607.3 0.6 229055.4 8283.6 229721.1 230833.1 444497.3 444556.9 444439.8 631.464 4225.327 1037.921 1496.173 1813.708
19316392.2 0.8 5.9 7940.7 7976.0 9102.7 257768.2 257828.1 257712.8 548.819 4271.823 1046.337 1456.265 1819.061
19330726.6 0.7 243438.8 7921.9 244108.9 245284.2 458892.6 458953.2 458847.6 635.650 4273.741 1040.152 1510.060 1815.550
19345034.6 0.6 444589.0 7900.0 445248.2 446364.7 665694.8 665756.5 665650.4 625.247 4252.670 1040.543 1487.120 1818.993
20013977.6 0.6 5.9 10984.2 11019.9 12136.1 243385.5 243445.5 243333.8 564.663 4391.114 1039.523 1490.155 1814.909
20028286.3 0.5 229081.8 10946.1 229731.1 230860.2 446828.4 446890.5 446780.9 614.996 4385.299 1049.099 1449.512 1819.013
20481437.8 0.6 5.8 7992.1 8027.6 9149.8 243629.5 243690.3 243579.7 546.321 4240.639 1039.116 1484.257 1813.479
20495760.2 0.6 229311.8 7963.0 229993.3 231175.8 444576.1 444638.2 444530.6 646.927 4226.614 1046.388 1455.780 1818.780
20948632.7 0.7 7.1 8211.9 8247.1 9365.1 257906.3 257966.6 257856.2 545.306 4181.431 1041.221 1514.904 1814.783
20962963.5 0.6 243580.2 8209.4 244233.4 245391.7 459530.6 459591.0 459479.4 618.480 4289.880 1055.959 1446.513 1816.179
20977314.1 0.6 445184.8 8177.7 445832.1 446960.4 666632.3 666692.6 666580.5 613.384 4251.767 1048.904 1503.037 1818.265
21647214.0 0.6 6.0 10999.7 11036.2 12170.8 243279.3 243341.5 243233.0 548.935 4432.955 1053.246 1468.922 1819.082
21661514.7 0.6 228986.7 11007.6 229650.4 230779.1 447251.4 447311.9 447188.8 631.215 4313.092 1048.559 1580.513 1822.116
22114567.3 0.8 9.4 8448.0 8484.7 9642.4 243426.5 243486.8 243380.4 551.604 4140.370 1074.643 1458.282 1819.528
22128882.7 0.9 229115.6 8445.6 229770.5 230887.0 444691.6 444752.0 444635.7 621.476 4161.767 1038.164 1483.522 1814.786
22581962.5 0.7 6.6 7675.4 7710.8 8837.2 258045.1 258109.9 257999.1 552.654 4199.374 1048.684 1425.483 1817.185
22596335.8 0.6 243676.5 7603.7 244336.4 245523.3 458762.9 458823.3 458711.3 624.080 4273.939 1044.677 1375.310 1813.177
22610684.1 0.5 444419.2 7596.6 445091.0 446218.2 666140.5 666200.8 666094.1 637.230 4309.217 1045.270 1370.714 1810.966
23279511.8 0.6 6.5 11550.6 11586.2 12707.4 243270.4 243330.7 243225.5 562.000 4360.961 1043.302 1476.859 1818.638
23293802.8 0.7 228984.0 11568.1 229626.4 230756.2 447560.0 447621.8 447508.3 607.756 4324.592 1052.379 1469.206 1816.486
23746809.3 0.6 6.1 8791.4 8827.1 9957.1 243288.1 243349.1 243237.4 542.761 4313.121 1050.809 1481.418 1813.783
23761129.7 0.6 228978.6 8769.8 229635.5 230760.1 444856.9 444918.1 444805.0 626.069 4331.010 1045.864 1477.519 1820.302
